 76 96 47 40 13 99 64 13 68 45 64 39 9 73 12 25 73 1 92 92 46 49 74 3 95
 22 85 57 40 89 21 62 69 4 6 76 97 81 50 77 14 40 22 86 20 56 70 74 18 57
 95 47 71 86 42 34 29 61 44 50 65 45 21 94 90 20 51 91 92 36 79 63 52 80 17
 59 4 54 57 31 66 71 8 52 58 62 85 24 15 25 32 35 23 67 41 50 12 54 35 89
 88 16 87 58 72 1 57 29 68 75 89 66 23 17 20 21 97 20 60 35 34 8 74 77 24
 7 29 7 96 85 94 64 8 46 9 16 51 87 23 94 42 31 53 59 63 72 80 72 34 13
 34 47 82 75 17 39 33 32 73 17 83 18 26 12 55 49 22 98 16 71 42 15 21 68 93
 78 40 76 90 10 92 24 45 94 23 71 13 91 42 78 68 97 75 62 53 62 35 73 61 29
 35 64 97 86 5 57 2 11 75 58 91 37 9 43 84 56 37 96 77 86 92 97 36 13 18
 66 22 34 31 67 96 65 38 29 65 56 21 50 90 21 72 64 66 38 75 76 8 36 42 29
 35 18 31 54 92 54 1 29 79 69 51 13 94 86 59 31 91 51 39 92 73 66 17 38 49
 20 30 3 63 93 92 1 45 65 13 86 57 12 63 88 95 82 50 67 43 12 23 15 97 52
 93 9 33 57 94 90 61 4 18 41 48 62 53 15 24 17 46 27 21 42 77 96 61 37 6
 64 54 26 33 48 37 8 64 49 11 55 4 30 24 82 12 11 77 15 69 34 43 77 72 2
 47 21 69 42 35 2 63 47 41 34 28 99 63 49 87 86 58 24 79 94 22 13 17 56 89
 26 85 87 17 54 88 65 40 17 22 89 60 24 53 33 60 27 28 94 61 80 25 5 18 15
 7 31 40 7 13 83 59 81 77 68 72 34 26 42 39 24 88 48 14 21 71 31 37 75 37
 84 79 56 51 12 83 5 66 66 34 32 4 71 50 58 37 42 5 32 45 70 80 19 6 64
 76 61 28 78 56 40 58 5 37 26 10 59 69 73 45 61 6 5 82 84 71 2 46 41 19
 21 91 79 83 90 29 39 77 62 48 43 18 95 48 56 31 97 77 84 64 31 89 9 84 19
 18 45 75 33 32 80 65 61 87 63 14 87 40 80 86 95 70 22 92 80 91 47 1 26 3
 47 93 88 36 51 17 48 51 40 63 46 98 53 37 83 61 77 66 31 87 67 96 94 75 35
 15 66 17 90 15 43 67 8 78 62 56 37 79 87 12 71 20 87 34 37 76 84 19 41 17
 49 13 40 14 72 10 92 75 51 24 48 99 19 95 88 88 45 2 73 79 71 61 20 73 76
 96 4 53 81 69 62 6 92 93 38 74 42 58 66 77 49 53 16 7 53 92 74 90 93 63
 51 1 28 24 83 71 10 90 28 40 58 71 63 84 44 75 35 53 56 88 33 58 36 84 78
 3 96 47 2 3 89 13 34 12 11 70 25 84 45 5 89 50 92 30 37 88 23 28 21 92
 35 68 23 92 84 57 1 7 6 49 93 34 21 75 46 32 71 89 79 32 38 44 87 91 69
 48 96 86 94 80 94 45 20 38 49 71 33 22 78 57 35 84 60 43 26 82 5 69 2 86
 72 28 55 31 45 77 62 89 60 50 61 83 93 13 22 54 8 45 70 22 30 17 49 15 77
 68 63 50 63 7 18 6 21 50 55 88 22 41 19 24 23 82 52 62 44 9 78 8 9 33
 37 4 44 3 83 73 3 69 51 31 7 48 21 53 9 37 43 9 31 26 2 61 65 8 5
 78 38 29 25 87 49 35 57 65 90 69 18 21 77 72 23 15 19 34 97 49 68 96 93 77
 36 63 39 86 65 75 56 89 39 17 63 43 6 74 74 7 50 11 4 22 81 96 52 74 52
 10 82 93 55 50 34 18 81 42 33 85 23 54 1 19 97 66 44 71 92 51 19 37 37 13
 98 86 58 94 4 80 45 54 86 40 76 90 16 71 91 49 71 42 99 31 74 32 28 12 56
 13 42 39 88 8 33 15 55 32 87 81 41 67 31 76 71 98 48 67 35 78 95 8 1 64
 74 89 8 8 65 34 17 85 22 80 52 50 98 45 33 8 41 55 75 31 16 58 88 53 19
 86 36 46 32 94 99 53 1 25 83 16 86 90 73 90 98 25 72 76 20 50 39 25 90 35
 50 19 38 71 60 75 82 52 81 67 77 46 16 19 91 3 93 8 36 27 21 96 36 74 45
 77 24 95 98 83 80 79 90 35 1 44 42 90 89 99 87 54 50 48 11 32 17 68 81 95
 83 31 97 72 29 70 56 78 13 70 74 81 63 6 70 33 72 1 24 23 37 87 37 14 34
 6 53 21 2 12 89 53 11 73 33 5 77 71 76 96 91 53 98 12 99 15 50 30 78 40
 95 89 45 80 51 30 97 8 31 99 46 60 85 3 12 67 52 63 5 3 43 52 9 96 48
 63 25 98 39 6 59 98 61 83 36 78 43 14 10 68 8 59 58 46 99 17 35 39 36 51
 4 61 89 83 71 53 46 9 69 62 19 37 2 57 23 92 82 49 25 34 59 61 96 72 3
 95 47 25 48 10 42 4 30 24 84 20 91 34 95 69 57 39 92 82 50 13 18 26 62 5
 8 24 80 27 88 65 59 83 46 15 12 77 73 65 23 95 85 54 15 7 57 1 48 86 93
 43 1 12 97 61 85 78 43 73 72 80 82 9 87 31 36 44 98 26 28 38 83 56 26 63
 53 23 39 38 64 9 40 48 49 42 91 94 21 34 58 86 9 98 77 73 21 37 76 66 32
 27 59 74 63 63 99 55 22 87 33 59 60 54 17 22 47 82 3 33 10 8 50 46 81 77
 69 7 61 88 63 30 49 68 57 57 22 35 87 33 76 50 77 17 73 18 19 84 1 25 74
 84 58 58 41 13 13 3 17 60 94 84 16 19 87 72 26 45 98 2 92 9 41 54 58 81
 28 41 37 13 70 32 8 56 30 43 24 55 75 80 83 57 10 28 70 66 6 47 59 64 37
 40 94 25 63 97 23 60 99 14 77 61 29 81 43 95 19 18 62 10 28 70 73 98 40 61
 68 96 17 32 42 98 37 65 29 14 27 44 65 22 57 66 39 33 11 57 85 32 18 66 52
 61 36 91 52 23 22 43 43 48 59 58 55 8 53 5 70 92 19 63 88 97 49 67 19 96
 23 97 7 21 68 41 84 64 95 25 29 88 45 88 80 18 95 20 64 53 33 42 69 75 42
 3 54 86 71 7 91 68 37 16 81 41 95 31 41 81 68 81 47 8 48 33 1 9 16 54
 55 55 79 38 61 20 80 4 24 38 81 93 91 47 68 66 98 75 46 54 83 69 97 89 34
 24 96 65 26 61 96 36 38 35 70 19 42 6 15 54 50 49 92 35 81 87 5 83 29 15
 7 75 2 60 57 29 51 32 94 1 26 15 63 76 86 25 7 33 28 35 89 54 7 25 14
 23 30 57 40 74 24 97 95 35 35 12 58 72 9 23 98 99 79 62 84 33 62 25 94 99
 51 68 36 50 21 51 71 17 63 18 64 70 21 36 71 18 63 55 96 14 82 92 56 30 27
 3 97 29 69 58 72 98 78 82 33 76 78 53 80 23 42 72 37 42 47 85 8 20 66 95
 78 70 89 80 44 93 4 98 56 97 92 61 78 69 32 64 30 48 26 31 77 64 88 70 31
 76 32 11 69 72 50 15 48 72 71 51 30 81 84 56 1 7 58 56 49 52 51 34 16 74
 32 20 39 67 58 64 60 10 39 86 61 51 51 32 32 47 35 13 40 85 14 81 53 20 95
 92 59 19 56 86 43 30 50 3 28 26 60 14 81 19 80 90 80 35 3 64 60 80 90 86
 48 57 25 57 55 62 11 46 2 67 49 73 93 36 51 44 34 72 13 53 63 80 72 40 58
 81 62 54 11 56 69 11 69 21 73 26 3 83 59 85 5 97 9 4 7 2 51 95 66 46
 55 6 37 82 56 23 72 15 43 73 40 4 21 86 75 14 40 61 29 45 33 16 88 52 32
 88 49 64 95 9 99 56 91 48 25 2 67 61 63 40 60 15 16 3 90 69 18 2 48 63
 13 17 48 68 53 41 76 2 41 17 70 32 7 48 90 51 48 39 80 77 37 1 9 57 60
 93 82 94 62 20 71 39 91 68 48 87 16 13 36 69 29 14 38 88 21 66 19 42 95 12
 80 88 50 24 48 10 90 66 10 55 45 68 22 3 29 96 8 43 77 34 22 90 11 60 12
 67 4 99 34 45 79 13 27 8 88 12 15 37 44 30 11 10 30 67 47 65 86 39 40 51
 34 18 76 97 17 4 58 91 36 52 3 66 71 24 46 68 28 52 60 56 28 75 64 36 96
 31 28 43 28 6 22 29 21 30 90 28 27 82 37 75 97 89 78 35 4 91 98 64 96 50
 84 35 61 13 77 30 21 30 44 52 58 29 21 36 94 66 63 38 65 84 68 82 99 90 18
 90 46 63 85 1 1 78 21 30 5 14 56 39 86 58 68 31 70 15 22 72 66 10 60 34
 7 75 38 72 85 95 45 47 73 86 36 63 71 55 10 43 12 13 69 45 96 80 26 38 31
 7 74 43 50 56 2 41 78 30 19 31 92 56 52 73 84 59 31 18 74 39 28 34 70 12
 63 81 10 9 66 79 89 56 39 94 70 8 67 12 73 14 47 7 68 71 60 66 25 49 91
 98 15 61 87 19 39 63 9 94 80 41 21 22 19 12 35 15 1 46 21 25 40 3 15 25
 73 41 3 51 62 77 34 39 36 60 14 45 1 44 77 41 15 25 61 23 58 9 12 96 35
 72 52 59 10 30 98 96 18 96 72 53 47 40 52 6 1 47 78 47 92 4 38 46 47 99
 48 53 13 77 13 71 9 30 52 72 87 66 24 27 90 36 4 6 55 19 2 52 56 6 27
 82 73 11 17 74 21 56 71 34 63 56 48 11 41 84 78 6 73 49 47 6 24 73 6 28
 87 31 96 85 10 97 39 40 50 76 36 62 84 69 94 69 96 13 81 84 35 91 76 26 55
 29 97 90 42 48 27 48 69 50 96 54 59 92 93 42 34 59 62 86 98 57 87 84 75 87
 22 1 10 23 85 99 39 70 21 84 66 76 85 81 11 79 27 54 38 41 83 3 83 72 95
 78 70 1 51 76 23 24 11 3 53 84 95 84 42 66 72 6 78 69 19 70 35 95 76 41
 34 35 9 82 62 47 75 62 77 11 39 57 40 40 34 26 48 85 99 58 14 3 39 48 56
 53 4 60 14 34 30 72 11 26 23 24 75 18 49 61 32 37 78 99 40 86 38 36 96 90
 78 79 42 62 95 23 67 7 93 54 36 67 85 51 99 47 77 46 34 62 32 25 27 25 81
 4 20 17 27 25 14 50 96 62 80 44 78 13 18 64 33 90 90 2 98 6 92 57 15 43
 90 35 44 99 33 28 48 51 54 82 12 72 53 89 35 96 36 32 20 98 90 53 73 10 96
 69 8 54 20 12 26 45 4 98 31 62 70 59 64 66 4 22 26 81 49 90 14 89 16 8
 80 81 13 89 86 47 36 61 3 32 15 61 3 57 84 20 68 55 22 91 9 84 70 68 68
